8	 2.560000E+02
16	 INF
24	 7.680000E+02
32	 1.024000E+03
40	 1.280000E+03
48	 1.536000E+03
56	 8.960000E+02
64	 2.048000E+03
72	 7.680000E+02
80	 1.280000E+03
88	 7.040000E+02
96	 7.680000E+02
104	 6.656000E+02
112	 7.168000E+02
120	 6.400000E+02
128	 6.826667E+02
136	 5.440000E+02
144	 6.582857E+02
152	 4.864000E+02
160	 5.688889E+02
168	 4.480000E+02
176	 4.693333E+02
184	 4.205714E+02
192	 4.096000E+02
200	 3.555556E+02
208	 3.697778E+02
216	 3.456000E+02
224	 3.413333E+02
232	 3.227826E+02
240	 3.200000E+02
248	 2.939259E+02
256	 3.034074E+02
264	 2.816000E+02
272	 2.901333E+02
280	 2.635294E+02
288	 2.490811E+02
296	 2.428718E+02
304	 2.494359E+02
312	 2.321860E+02
320	 2.275556E+02
328	 2.233191E+02
336	 2.240000E+02
344	 2.076981E+02
352	 2.125283E+02
360	 1.986207E+02
368	 2.030345E+02
376	 1.909841E+02
384	 1.950476E+02
392	 1.900606E+02
400	 1.882353E+02
408	 1.813333E+02
416	 1.848889E+02
424	 1.762078E+02
432	 1.795325E+02
440	 1.717073E+02
448	 1.727229E+02
456	 1.737143E+02
464	 1.767619E+02
472	 1.697079E+02
480	 1.725843E+02
488	 1.301333E+02
496	 1.619592E+02
504	 1.612800E+02
512	 1.575385E+02
520	 1.569811E+02
528	 1.593962E+02
536	 1.517876E+02
544	 1.554286E+02
552	 1.472000E+02
560	 1.531624E+02
568	 1.540339E+02
576	 1.562034E+02
584	 1.519350E+02
592	 1.515520E+02
600	 1.465649E+02
608	 1.485191E+02
616	 1.471045E+02
624	 1.446957E+02
632	 1.404444E+02
640	 1.412414E+02
648	 1.513577E+02
656	 1.467972E+02
664	 1.426040E+02
672	 1.452973E+02
680	 1.403871E+02
688	 1.429610E+02
696	 1.374815E+02
704	 1.399255E+02
712	 1.340235E+02
720	 1.431056E+02
728	 1.378462E+02
736	 1.401905E+02
744	 1.392281E+02
752	 1.407251E+02
760	 1.366292E+02
768	 1.380674E+02
776	 1.327914E+02
784	 1.409438E+02
792	 1.369946E+02
800	 1.383784E+02
808	 1.339689E+02
816	 1.360000E+02
824	 1.318400E+02
832	 1.331200E+02
840	 1.298551E+02
848	 1.398763E+02
856	 1.349360E+02
864	 1.368713E+02
872	 1.328762E+02
880	 1.353846E+02
888	 1.309493E+02
896	 1.371866E+02
904	 1.333088E+02
912	 1.247179E+02
920	 1.338182E+02
928	 1.362202E+02
936	 1.325310E+02
944	 1.313391E+02
952	 1.336140E+02
960	 1.353304E+02
968	 1.318128E+02
976	 1.340429E+02
984	 1.244585E+02
992	 1.386201E+02
1000	 1.350211E+02
1008	 1.361013E+02
1016	 1.332459E+02
1024	 1.337469E+02
1032	 1.337004E+02
1040	 1.392469E+02
1048	 1.357733E+02
1056	 1.368097E+02
1064	 1.340472E+02
1072	 1.350551E+02
1080	 1.376892E+02
1088	 1.403871E+02
1096	 1.364669E+02
1104	 1.385412E+02
1112	 1.347879E+02
1120	 1.394553E+02
1128	 1.393668E+02
1136	 1.398154E+02
1144	 1.371086E+02
1152	 1.391094E+02
1160	 1.335252E+02
1168	 1.394627E+02
1176	 1.363478E+02
1184	 1.372754E+02
1192	 1.343099E+02
1200	 1.356890E+02
1208	 1.323836E+02
1216	 1.337182E+02
1224	 1.288421E+02
1232	 1.322953E+02
1240	 1.292508E+02
1248	 1.309377E+02
1256	 1.284089E+02
1264	 1.288153E+02
1272	 1.264099E+02
1280	 1.280000E+02
1288	 1.234012E+02
1296	 1.241677E+02
1304	 1.230914E+02
1312	 1.249524E+02
1320	 1.224348E+02
1328	 1.231768E+02
1336	 1.207684E+02
1344	 1.194667E+02
1352	 1.198449E+02
1360	 1.205540E+02
1368	 1.183135E+02
1376	 1.190054E+02
1384	 1.168549E+02
1392	 1.153990E+02
1400	 1.157623E+02
1408	 1.164238E+02
1416	 1.039266E+02
1424	 1.153620E+02
1432	 1.131457E+02
1440	 1.137778E+02
1448	 1.119227E+02
1456	 1.128136E+02
1464	 1.107518E+02
1472	 1.063296E+02
1480	 1.057143E+02
1488	 1.099677E+02
1496	 1.078198E+02
1504	 1.093818E+02
1512	 1.075200E+02
1520	 1.083296E+02
1528	 1.042559E+02
1536	 1.057032E+02
1544	 9.941247E+01
1552	 1.061197E+02
1560	 1.042171E+02
1568	 1.038841E+02
1576	 1.025041E+02
1584	 1.042963E+02
1592	 1.016846E+02
1600	 1.030181E+02
1608	 1.010923E+02
1616	 1.017953E+02
1624	 9.768421E+01
1632	 9.985468E+01
1640	 9.920605E+01
1648	 9.968998E+01
1656	 9.777122E+01
1664	 9.276655E+01
1672	 9.288889E+01
1680	 9.349565E+01
1688	 9.265180E+01
1696	 8.235508E+01
1704	 9.273469E+01
1712	 9.494627E+01
1720	 9.173333E+01
1728	 9.404082E+01
1736	 8.931190E+01
1744	 9.015832E+01
1752	 9.175777E+01
1760	 9.025641E+01
1768	 8.881633E+01
1776	 8.964038E+01
1784	 8.796302E+01
1792	 8.932087E+01
1800	 8.495575E+01
1808	 8.819512E+01
1816	 8.558468E+01
1824	 8.608850E+01
1832	 8.533333E+01
1840	 8.608187E+01
1848	 8.435949E+01
1856	 8.508883E+01
1864	 8.377528E+01
1872	 8.343175E+01
1880	 8.241096E+01
1888	 8.219864E+01
1896	 7.962205E+01
1904	 8.091368E+01
1912	 7.814049E+01
1920	 7.483557E+01
1928	 7.799747E+01
1936	 7.724688E+01
1944	 7.405714E+01
1952	 7.374734E+01
1960	 7.047191E+01
1968	 7.099887E+01
1976	 7.395556E+01
1984	 7.264073E+01
1992	 7.260137E+01
2000	 7.025247E+01
2008	 7.100110E+01
2016	 6.755183E+01
2024	 6.890213E+01
2032	 6.954439E+01
2040	 6.878820E+01
2048	 6.756289E+01
2056	 6.652376E+01
2064	 6.698580E+01
2072	 6.597413E+01
2080	 6.309005E+01
2088	 6.333270E+01
2096	 6.345506E+01
2104	 6.137466E+01
2112	 6.234686E+01
2120	 6.024867E+01
2128	 6.015548E+01
2136	 6.022203E+01
2144	 4.814596E+01
2152	 5.594151E+01
2160	 6.188004E+01
2168	 6.032696E+01
2176	 6.222699E+01
2184	 6.417631E+01
2192	 6.052114E+01
2200	 6.308244E+01
2208	 6.423273E+01
2216	 6.470073E+01
2224	 6.292485E+01
2232	 6.493091E+01
2240	 5.851429E+01
2248	 5.123647E+01
2256	 5.996013E+01
2264	 6.192137E+01
2272	 5.283721E+01
2280	 5.955918E+01
2288	 5.787826E+01
2296	 4.904673E+01
2304	 5.800787E+01
2312	 5.299713E+01
2320	 5.454813E+01
2328	 5.449598E+01
2336	 5.680243E+01
2344	 5.227038E+01
2352	 5.538190E+01
2360	 5.151432E+01
2368	 4.505113E+01
2376	 5.151220E+01
2384	 5.221629E+01
2392	 5.126859E+01
2400	 5.206780E+01
2408	 5.147361E+01
2416	 4.497499E+01
2424	 4.639234E+01
2432	 5.027390E+01
2440	 4.555426E+01
2448	 4.386114E+01
2456	 4.606800E+01
2464	 4.339461E+01
2472	 4.617863E+01
2480	 4.084406E+01
2488	 4.612746E+01
2496	 4.509994E+01
2504	 3.966733E+01
2512	 4.433756E+01
2520	 4.487479E+01
2528	 4.069215E+01
2536	 4.220073E+01
2544	 3.634286E+01
2552	 4.325424E+01
2560	 3.575731E+01
2568	 3.920611E+01
2576	 3.531791E+01
2584	 4.008143E+01
2592	 3.702857E+01
2600	 3.788707E+01
2608	 3.735721E+01
2616	 3.452041E+01
2624	 3.520671E+01
2632	 3.985991E+01
2640	 3.641379E+01
2648	 3.978216E+01
2656	 3.619761E+01
2664	 3.874909E+01
2672	 3.546412E+01
2680	 3.875282E+01
2688	 3.931261E+01
2696	 3.849710E+01
2704	 3.873232E+01
2712	 3.657143E+01
2720	 3.699108E+01
2728	 3.520000E+01
2736	 3.765677E+01
2744	 3.726995E+01
2752	 3.563901E+01
2760	 3.729730E+01
2768	 3.272109E+01
2776	 3.679867E+01
2784	 3.392536E+01
2792	 3.660139E+01
2800	 3.468835E+01
2808	 3.669089E+01
2816	 3.642361E+01
2824	 3.588880E+01
2832	 3.519379E+01
2840	 3.555556E+01
2848	 3.450814E+01
2856	 3.430631E+01
2864	 3.033697E+01
2872	 3.340749E+01
2880	 3.455568E+01
2888	 3.532722E+01
2896	 3.182418E+01
2904	 3.468757E+01
2912	 3.395918E+01
2920	 3.487869E+01
2928	 3.219794E+01
2936	 3.390545E+01
2944	 3.106100E+01
2952	 3.364103E+01
2960	 3.085342E+01
2968	 3.417632E+01
2976	 3.105054E+01
2984	 3.387300E+01
2992	 3.147403E+01
3000	 3.300103E+01
3008	 3.121141E+01
3016	 3.312011E+01
3024	 2.764800E+01
3032	 3.299014E+01
3040	 2.919568E+01
3048	 3.247952E+01
3056	 2.997915E+01
3064	 3.312432E+01
3072	 3.249719E+01
3080	 3.105230E+01
3088	 3.297164E+01
3096	 3.277274E+01
3104	 3.136344E+01
3112	 3.185669E+01
3120	 2.925286E+01
3128	 3.081773E+01
3136	 2.832402E+01
3144	 2.856559E+01
3152	 2.815857E+01
3160	 3.050377E+01
3168	 2.950407E+01
3176	 3.030173E+01
3184	 2.994944E+01
3192	 3.061871E+01
3200	 3.073229E+01
3208	 3.062530E+01
3216	 2.753867E+01
3224	 3.035246E+01
3232	 2.654620E+01
3240	 3.082962E+01
3248	 2.791727E+01
3256	 3.075325E+01
3264	 2.779351E+01
3272	 3.022633E+01
3280	 3.072600E+01
3288	 3.013922E+01
3296	 2.788789E+01
3304	 3.065468E+01
3312	 2.809011E+01
3320	 2.929143E+01
3328	 2.785666E+01
3336	 2.890658E+01
3344	 2.695416E+01
3352	 2.940351E+01
3360	 2.645018E+01
3368	 2.947921E+01
3376	 2.693393E+01
3384	 2.788054E+01
3392	 2.607977E+01
3400	 2.928668E+01
3408	 2.794874E+01
3416	 2.918099E+01
3424	 2.654907E+01
3432	 2.923962E+01
3440	 2.644247E+01
3448	 2.854009E+01
3456	 2.668082E+01
3464	 2.808411E+01
3472	 2.731842E+01
3480	 2.898490E+01
3488	 2.654364E+01
3496	 2.852422E+01
3504	 2.655803E+01
3512	 2.843005E+01
3520	 2.540370E+01
3528	 2.650763E+01
3536	 2.561159E+01
3544	 2.768074E+01
3552	 2.553100E+01
3560	 2.852993E+01
3568	 2.600228E+01
3576	 2.699505E+01
3584	 2.585392E+01
3592	 2.797372E+01
3600	 2.717622E+01
3608	 2.659664E+01
3616	 2.523708E+01
3624	 2.821606E+01
3632	 2.711080E+01
3640	 2.810133E+01
3648	 2.554398E+01
3656	 2.747581E+01
3664	 2.441141E+01
3672	 2.614686E+01
3680	 2.422049E+01
3688	 2.728694E+01
3696	 2.522329E+01
3704	 2.632785E+01
3712	 2.492321E+01
3720	 2.663087E+01
3728	 2.446094E+01
3736	 2.743277E+01
3744	 2.324563E+01
3752	 2.665719E+01
3760	 2.453507E+01
3768	 2.699866E+01
3776	 2.399841E+01
3784	 2.568144E+01
3792	 2.344359E+01
3800	 2.621820E+01
3808	 2.425961E+01
3816	 2.599234E+01
3824	 2.443938E+01
3832	 2.605695E+01
3840	 2.330362E+01
3848	 2.540982E+01
3856	 2.443890E+01
3864	 2.583535E+01
3872	 2.226087E+01
3880	 2.494676E+01
3888	 2.238906E+01
3896	 2.362554E+01
3904	 2.259504E+01
3912	 2.508697E+01
3920	 2.431950E+01
3928	 2.439752E+01
3936	 2.203885E+01
3944	 2.027763E+01
3952	 1.244602E+01
3960	 1.768597E+01
3968	 1.795475E+01
3976	 1.992982E+01
3984	 2.111777E+01
3992	 2.103474E+01
4000	 2.077922E+01
4008	 1.964706E+01
4016	 1.892944E+01
4024	 1.832475E+01
4032	 1.841096E+01
4040	 1.835060E+01
4048	 1.837651E+01
4056	 1.834775E+01
4064	 1.827030E+01
4072	 1.822688E+01
4080	 1.819144E+01
4088	 1.915315E+01
4096	 2.041938E+01
4104	 2.019809E+01
4112	 2.026240E+01
4120	 2.094693E+01
4128	 2.138514E+01
4136	 2.160849E+01
4144	 2.168924E+01
4152	 2.112641E+01
4160	 2.180865E+01
4168	 2.157489E+01
4176	 2.072135E+01
4184	 2.124532E+01
4192	 2.155963E+01
4200	 2.136385E+01
4208	 2.100718E+01
4216	 2.084227E+01
4224	 2.068687E+01
4232	 2.048775E+01
4240	 2.096739E+01
4248	 2.118703E+01
4256	 2.051084E+01
4264	 2.103407E+01
4272	 2.070645E+01
4280	 2.060168E+01
4288	 2.055978E+01
4296	 2.037226E+01
4304	 2.080483E+01
4312	 1.970074E+01
4320	 2.059288E+01
4328	 2.020954E+01
4336	 1.854230E+01
4344	 1.850972E+01
4352	 2.022422E+01
4360	 1.995423E+01
4368	 2.018426E+01
4376	 2.025926E+01
4384	 2.049197E+01
4392	 2.006911E+01
4400	 1.894001E+01
4408	 1.990349E+01
4416	 2.031804E+01
4424	 1.875321E+01
4432	 1.989675E+01
4440	 2.007063E+01
4448	 1.911320E+01
4456	 2.018859E+01
4464	 2.019053E+01
4472	 1.943028E+01
4480	 2.043038E+01
4488	 1.974103E+01
4496	 1.927546E+01
4504	 1.973815E+01
4512	 2.006169E+01
4520	 1.906670E+01
4528	 1.892581E+01
4536	 1.782099E+01
4544	 1.883523E+01
4552	 1.889042E+01
4560	 1.865985E+01
4568	 1.943313E+01
4576	 1.748233E+01
4584	 1.941345E+01
4592	 1.858639E+01
4600	 1.867546E+01
4608	 1.904132E+01
4616	 1.849405E+01
4624	 1.897512E+01
4632	 1.899334E+01
4640	 1.897023E+01
4648	 1.820514E+01
4656	 1.897021E+01
4664	 1.819432E+01
4672	 1.868333E+01
4680	 1.876221E+01
4688	 1.849766E+01
4696	 1.763342E+01
4704	 1.925896E+01
4712	 1.752691E+01
4720	 1.818007E+01
4728	 1.819993E+01
4736	 1.804835E+01
4744	 1.828351E+01
4752	 1.794689E+01
4760	 1.880494E+01
4768	 1.724023E+01
4776	 1.768480E+01
4784	 1.788829E+01
4792	 1.785146E+01
4800	 1.815174E+01
4808	 1.764606E+01
4816	 1.788880E+01
4824	 1.795185E+01
4832	 1.693767E+01
4840	 1.758202E+01
4848	 1.825129E+01
4856	 1.732932E+01
4864	 1.825141E+01
4872	 1.784411E+01
4880	 1.764121E+01
4888	 1.818368E+01
4896	 1.816487E+01
4904	 1.686129E+01
4912	 1.759588E+01
4920	 1.724425E+01
4928	 1.664162E+01
4936	 1.802899E+01
4944	 1.789278E+01
4952	 1.790958E+01
4960	 1.793852E+01
4968	 1.803471E+01
4976	 1.792144E+01
4984	 1.697945E+01
4992	 1.804201E+01
5000	 1.715266E+01
5008	 1.729319E+01
5016	 1.943480E+01
5024	 1.868309E+01
5032	 1.967306E+01
5040	 1.760506E+01
5048	 1.977185E+01
5056	 1.800089E+01
5064	 1.916367E+01
5072	 1.783756E+01
5080	 1.969231E+01
5088	 1.877274E+01
5096	 1.961179E+01
5104	 1.809729E+01
5112	 1.951611E+01
5120	 1.887993E+01
5128	 1.883995E+01
5136	 1.761166E+01
5144	 1.909384E+01
5152	 1.795122E+01
5160	 1.907358E+01
5168	 1.720695E+01
5176	 1.938804E+01
5184	 1.906320E+01
5192	 1.927201E+01
5200	 1.745149E+01
5208	 1.809119E+01
5216	 1.734151E+01
5224	 1.856391E+01
5232	 1.828771E+01
5240	 1.912627E+01
5248	 1.785414E+01
5256	 1.844211E+01
5264	 1.770156E+01
5272	 1.890876E+01
5280	 1.746898E+01
5288	 1.855032E+01
5296	 1.830349E+01
5304	 1.896402E+01
5312	 1.701031E+01
5320	 1.808755E+01
5328	 1.813401E+01
5336	 1.849967E+01
5344	 1.647952E+01
5352	 1.873376E+01
5360	 1.802817E+01
5368	 1.871402E+01
5376	 1.781423E+01
5384	 1.817192E+01
5392	 1.767869E+01
5400	 1.855072E+01
5408	 1.706330E+01
5416	 1.728970E+01
5424	 1.708178E+01
5432	 1.775345E+01
5440	 1.659169E+01
5448	 1.729867E+01
5456	 1.603085E+01
5464	 1.751984E+01
5472	 1.660698E+01
5480	 1.660921E+01
5488	 1.625021E+01
5496	 1.750144E+01
5504	 1.598403E+01
5512	 1.819893E+01
5520	 1.654552E+01
5528	 1.791715E+01
5536	 1.699463E+01
5544	 1.809363E+01
5552	 1.666017E+01
5560	 1.808865E+01
5568	 1.640512E+01
5576	 1.776150E+01
5584	 1.634092E+01
5592	 1.663203E+01
5600	 1.548164E+01
5608	 1.718104E+01
5616	 1.674231E+01
5624	 1.791618E+01
5632	 1.612310E+01
5640	 1.783047E+01
5648	 1.570388E+01
5656	 1.758912E+01
5664	 1.625105E+01
5672	 1.703943E+01
5680	 1.694100E+01
5688	 1.752851E+01
5696	 1.638989E+01
5704	 1.708744E+01
5712	 1.639171E+01
5720	 1.761864E+01
5728	 1.685480E+01
5736	 1.753458E+01
5744	 1.599304E+01
5752	 1.767806E+01
5760	 1.563359E+01
5768	 1.678269E+01
5776	 1.583279E+01
5784	 1.724476E+01
5792	 1.593398E+01
5800	 1.655960E+01
5808	 1.600413E+01
5816	 1.739039E+01
5824	 1.504667E+01
5832	 1.679935E+01
5840	 1.574257E+01
5848	 1.746812E+01
5856	 1.598908E+01
5864	 1.720752E+01
5872	 1.600136E+01
5880	 1.704502E+01
5888	 1.583860E+01
5896	 1.686529E+01
5904	 1.540383E+01
5912	 1.642507E+01
5920	 1.602979E+01
5928	 1.650822E+01
5936	 1.512477E+01
5944	 1.701019E+01
5952	 1.577734E+01
5960	 1.623840E+01
5968	 1.566147E+01
5976	 1.643875E+01
5984	 1.546503E+01
5992	 1.650973E+01
6000	 1.489065E+01
6008	 1.614240E+01
6016	 1.479155E+01
6024	 1.666246E+01
6032	 1.592344E+01
6040	 1.577667E+01
6048	 1.507642E+01
6056	 1.543790E+01
6064	 1.565156E+01
6072	 1.589789E+01
6080	 1.540703E+01
6088	 1.560650E+01
6096	 1.522454E+01
6104	 1.577516E+01
6112	 1.516743E+01
6120	 1.629963E+01
6128	 1.551392E+01
6136	 1.611027E+01
6144	 1.494777E+01
6152	 1.661300E+01
6160	 1.474456E+01
6168	 1.650439E+01
6176	 1.490437E+01
6184	 1.612911E+01
6192	 1.454909E+01
6200	 1.610259E+01
6208	 1.489622E+01
6216	 1.634983E+01
6224	 1.538809E+01
6232	 1.603602E+01
6240	 1.511125E+01
6248	 1.588559E+01
6256	 1.463927E+01
6264	 1.599745E+01
6272	 1.480227E+01
6280	 1.617124E+01
6288	 1.479856E+01
6296	 1.557211E+01
6304	 1.498499E+01
6312	 1.613420E+01
6320	 1.482915E+01
6328	 1.597602E+01
6336	 1.447401E+01
6344	 1.594596E+01
6352	 1.456254E+01
6360	 1.609108E+01
6368	 1.465909E+01
6376	 1.528902E+01
6384	 1.434204E+01
6392	 1.583280E+01
6400	 1.419167E+01
6408	 1.557703E+01
6416	 1.459011E+01
6424	 1.585072E+01
6432	 1.444075E+01
6440	 1.568819E+01
6448	 1.484859E+01
6456	 1.522081E+01
6464	 1.458114E+01
6472	 1.544630E+01
6480	 1.444917E+01
6488	 1.514009E+01
6496	 1.404730E+01
6504	 1.573747E+01
6512	 1.468734E+01
6520	 1.541143E+01
6528	 1.445447E+01
6536	 1.553186E+01
6544	 1.390307E+01
6552	 1.521509E+01
6560	 1.441263E+01
6568	 1.534243E+01
6576	 1.386702E+01
6584	 1.482466E+01
6592	 1.376290E+01
6600	 1.507925E+01
6608	 1.413193E+01
6616	 1.513093E+01
6624	 1.434931E+01
6632	 1.513615E+01
6640	 1.404455E+01
6648	 1.486625E+01
6656	 1.380286E+01
6664	 1.501746E+01
6672	 1.386120E+01
6680	 1.483620E+01
6688	 1.410227E+01
6696	 1.497149E+01
6704	 1.435258E+01
6712	 1.495919E+01
6720	 1.414737E+01
6728	 1.516276E+01
6736	 1.375045E+01
6744	 1.500542E+01
6752	 1.332823E+01
6760	 1.457682E+01
6768	 1.342275E+01
6776	 1.474245E+01
6784	 1.354007E+01
6792	 1.496344E+01
6800	 1.373304E+01
6808	 1.468428E+01
6816	 1.351627E+01
6824	 1.469799E+01
6832	 1.385538E+01
6840	 1.455900E+01
6848	 1.323845E+01
6856	 1.487000E+01
6864	 1.349770E+01
6872	 1.465148E+01
6880	 1.343996E+01
6888	 1.474650E+01
6896	 1.308539E+01
6904	 1.449373E+01
6912	 1.321764E+01
6920	 1.453782E+01
6928	 1.343612E+01
6936	 1.469102E+01
6944	 1.360069E+01
6952	 1.436178E+01
6960	 1.333653E+01
6968	 1.442277E+01
6976	 1.344690E+01
6984	 1.441858E+01
6992	 1.343404E+01
7000	 1.432866E+01
7008	 1.318843E+01
7016	 1.430286E+01
7024	 1.330382E+01
7032	 1.402106E+01
7040	 1.299567E+01
7048	 1.452821E+01
7056	 1.348173E+01
7064	 1.382895E+01
7072	 1.295535E+01
7080	 1.385434E+01
7088	 1.275609E+01
7096	 1.371291E+01
7104	 1.328471E+01
7112	 1.427396E+01
7120	 1.290732E+01
7128	 1.416218E+01
7136	 1.312142E+01
7144	 1.388701E+01
7152	 1.294699E+01
7160	 1.427806E+01
7168	 1.303051E+01
7176	 1.421958E+01
7184	 1.311323E+01
7192	 1.378521E+01
7200	 1.300813E+01
7208	 1.409533E+01
7216	 1.309842E+01
7224	 1.405618E+01
7232	 1.321215E+01
7240	 1.403441E+01
7248	 1.267064E+01
7256	 1.394128E+01
7264	 1.277748E+01
7272	 1.395526E+01
7280	 1.235469E+01
7288	 1.372343E+01
7296	 1.259696E+01
7304	 1.373336E+01
7312	 1.259129E+01
7320	 1.370546E+01
7328	 1.273120E+01
7336	 1.372417E+01
7344	 1.266275E+01
7352	 1.366702E+01
7360	 1.261084E+01
7368	 1.343606E+01
7376	 1.253755E+01
7384	 1.369230E+01
7392	 1.278547E+01
7400	 1.354846E+01
7408	 1.274495E+01
7416	 1.352359E+01
7424	 1.273072E+01
7432	 1.351734E+01
7440	 1.258417E+01
7448	 1.350575E+01
7456	 1.250417E+01
7464	 1.359795E+01
7472	 1.259503E+01
7480	 1.349115E+01
7488	 1.249497E+01
7496	 1.286177E+01
7504	 1.187518E+01
7512	 1.334799E+01
7520	 1.224195E+01
7528	 1.306519E+01
7536	 1.251308E+01
7544	 1.326053E+01
7552	 1.200755E+01
7560	 1.311575E+01
7568	 1.213246E+01
7576	 1.298720E+01
7584	 1.231481E+01
7592	 1.273291E+01
7600	 1.214239E+01
7608	 1.314061E+01
7616	 1.237305E+01
7624	 1.316611E+01
7632	 1.215650E+01
7640	 1.316461E+01
7648	 1.222824E+01
7656	 1.329816E+01
7664	 1.210503E+01
7672	 1.286506E+01
7680	 1.203762E+01
7688	 1.325160E+01
7696	 1.205679E+01
7704	 1.320874E+01
7712	 1.214727E+01
7720	 1.315932E+01
7728	 1.232966E+01
7736	 1.297442E+01
7744	 1.209705E+01
7752	 1.315850E+01
7760	 1.214101E+01
7768	 1.319826E+01
7776	 1.182662E+01
7784	 1.289943E+01
7792	 1.187296E+01
7800	 1.279803E+01
7808	 1.176070E+01
7816	 1.295917E+01
7824	 1.178979E+01
7832	 1.287893E+01
7840	 1.169331E+01
7848	 1.262815E+01
7856	 1.229361E+01
7864	 1.253414E+01
7872	 1.166168E+01
7880	 1.277147E+01
7888	 1.176765E+01
7896	 1.277928E+01
7904	 1.176628E+01
7912	 1.277159E+01
7920	 1.171814E+01
7928	 1.251152E+01
7936	 1.171852E+01
7944	 1.282130E+01
7952	 1.170541E+01
7960	 1.230294E+01
7968	 1.175167E+01
7976	 1.243942E+01
7984	 1.169870E+01
7992	 1.261874E+01
8000	 1.181030E+01
8008	 1.238191E+01
8016	 1.204734E+01
8024	 1.274220E+01
8032	 1.175558E+01
8040	 1.256680E+01
8048	 1.147665E+01
8056	 1.240996E+01
8064	 1.160549E+01
8072	 1.250927E+01
8080	 1.147727E+01
8088	 1.238473E+01
8096	 1.129297E+01
8104	 1.235542E+01
8112	 1.158133E+01
8120	 1.263690E+01
8128	 1.157423E+01
8136	 1.232611E+01
8144	 1.156921E+01
8152	 1.251086E+01
8160	 1.141558E+01
8168	 1.239748E+01
8176	 1.121440E+01
8184	 1.229579E+01
8192	 1.135167E+01
8200	 1.242189E+01
8208	 1.173043E+01
8216	 1.220576E+01
8224	 1.120388E+01
8232	 1.210199E+01
8240	 1.126597E+01
8248	 1.246922E+01
8256	 1.164303E+01
8264	 1.244403E+01
8272	 1.124677E+01
8280	 1.230998E+01
8288	 1.176489E+01
8296	 1.245237E+01
8304	 1.139046E+01
8312	 1.227713E+01
8320	 1.150462E+01
8328	 1.203523E+01
8336	 1.138944E+01
8344	 1.229941E+01
8352	 1.119290E+01
8360	 1.208092E+01
8368	 1.126292E+01
8376	 1.213473E+01
8384	 1.097562E+01
8392	 1.207428E+01
8400	 1.116650E+01
8408	 1.197667E+01
8416	 1.106640E+01
8424	 1.210127E+01
8432	 1.123377E+01
8440	 1.201370E+01
8448	 1.082730E+01
8456	 1.200497E+01
8464	 1.103880E+01
8472	 1.176922E+01
8480	 1.077253E+01
8488	 1.184286E+01
8496	 1.089318E+01
8504	 1.209727E+01
8512	 1.103082E+01
8520	 1.156676E+01
8528	 1.122382E+01
8536	 1.191243E+01
8544	 1.096175E+01
8552	 1.196869E+01
8560	 1.103626E+01
8568	 1.176671E+01
8576	 1.119993E+01
8584	 1.178817E+01
8592	 1.075807E+01
8600	 1.157664E+01
8608	 1.081492E+01
8616	 1.161822E+01
8624	 1.084993E+01
8632	 1.193089E+01
8640	 1.055751E+01
8648	 1.184455E+01
8656	 1.087693E+01
8664	 1.175427E+01
8672	 1.070617E+01
8680	 1.180099E+01
8688	 1.076330E+01
8696	 1.184086E+01
8704	 1.069780E+01
8712	 1.158559E+01
8720	 1.067524E+01
8728	 1.149650E+01
8736	 1.079727E+01
8744	 1.171284E+01
8752	 1.069681E+01
8760	 1.152584E+01
8768	 1.063110E+01
8776	 1.162384E+01
8784	 1.077833E+01
8792	 1.156319E+01
8800	 1.079755E+01
8808	 1.142227E+01
8816	 1.067232E+01
8824	 1.130467E+01
8832	 1.068360E+01
8840	 1.148611E+01
8848	 1.068478E+01
8856	 1.155429E+01
8864	 1.066105E+01
8872	 1.143667E+01
8880	 1.091077E+01
8888	 1.140355E+01
8896	 1.065030E+01
8904	 1.137392E+01
8912	 1.038732E+01
8920	 1.160655E+01
8928	 1.064243E+01
8936	 1.119361E+01
8944	 1.034624E+01
8952	 1.123168E+01
8960	 1.072372E+01
8968	 1.145338E+01
8976	 1.043039E+01
8984	 1.122737E+01
8992	 1.032303E+01
9000	 1.146679E+01
9008	 1.058558E+01
9016	 1.146618E+01
9024	 1.035753E+01
9032	 1.115363E+01
9040	 1.036474E+01
9048	 1.117856E+01
9056	 1.029969E+01
9064	 1.114198E+01
9072	 1.040591E+01
9080	 1.129617E+01
9088	 1.014887E+01
9096	 1.100669E+01
9104	 1.028991E+01
9112	 1.122989E+01
9120	 1.027714E+01
9128	 1.103457E+01
9136	 1.033082E+01
9144	 1.103016E+01
9152	 1.026333E+01
9160	 1.090963E+01
9168	 1.009865E+01
9176	 1.096255E+01
9184	 1.023073E+01
9192	 1.109308E+01
9200	 1.017875E+01
9208	 1.103043E+01
9216	 1.016482E+01
9224	 1.114514E+01
9232	 1.041913E+01
9240	 1.095111E+01
9248	 1.003853E+01
9256	 1.087023E+01
9264	 1.008532E+01
9272	 1.109506E+01
9280	 1.029253E+01
9288	 1.097670E+01
9296	 1.009817E+01
9304	 1.107248E+01
9312	 1.019899E+01
9320	 1.103734E+01
9328	 1.003314E+01
9336	 1.079150E+01
9344	 1.003450E+01
9352	 1.098337E+01
9360	 1.015632E+01
9368	 1.073350E+01
9376	 1.026277E+01
9384	 1.082548E+01
9392	 1.010538E+01
9400	 1.057851E+01
9408	 9.950949E+00
9416	 1.088909E+01
9424	 1.000624E+01
9432	 1.062761E+01
9440	 1.000298E+01
9448	 1.087305E+01
9456	 1.001794E+01
9464	 1.074424E+01
9472	 1.004953E+01
9480	 1.085095E+01
9488	 9.981458E+00
9496	 1.049390E+01
9504	 9.868518E+00
9512	 1.061533E+01
9520	 9.804325E+00
9528	 1.055332E+01
9536	 9.770805E+00
9544	 1.044916E+01
9552	 9.510392E+00
9560	 1.048138E+01
9568	 9.616080E+00
9576	 1.046986E+01
9584	 9.632161E+00
9592	 1.044311E+01
9600	 9.664936E+00
9608	 1.029900E+01
9616	 9.666750E+00
9624	 1.060678E+01
9632	 9.717330E+00
9640	 1.043608E+01
9648	 9.716318E+00
9656	 1.030695E+01
9664	 9.707685E+00
9672	 1.041155E+01
9680	 9.544880E+00
9688	 1.011339E+01
9696	 9.426176E+00
9704	 1.035093E+01
9712	 9.840542E+00
9720	 1.058355E+01
9728	 9.611461E+00
9736	 1.034610E+01
9744	 9.667566E+00
9752	 1.042437E+01
9760	 9.617836E+00
9768	 1.043033E+01
9776	 9.664556E+00
9784	 1.055199E+01
9792	 9.596178E+00
9800	 1.044950E+01
9808	 9.430769E+00
9816	 1.027786E+01
9824	 9.587898E+00
9832	 1.036687E+01
9840	 9.661563E+00
9848	 1.040568E+01
9856	 9.544030E+00
9864	 1.043533E+01
9872	 9.687038E+00
9880	 1.031989E+01
9888	 9.484039E+00
9896	 1.031203E+01
9904	 9.427050E+00
9912	 1.034588E+01
9920	 9.511026E+00
9928	 1.027079E+01
9936	 9.441221E+00
9944	 1.025419E+01
9952	 9.512351E+00
9960	 1.019415E+01
9968	 9.638776E+00
9976	 1.022491E+01
9984	 9.480919E+00
9992	 1.011272E+01
10000	 9.383889E+00
10008	 1.018108E+01
10016	 9.418513E+00
10024	 1.029323E+01
10032	 9.608333E+00
10040	 1.023674E+01
10048	 9.435295E+00
10056	 1.023967E+01
10064	 9.294583E+00
10072	 1.022473E+01
10080	 9.386840E+00
10088	 1.011677E+01
10096	 9.457058E+00
10104	 1.021832E+01
10112	 9.410068E+00
10120	 1.019744E+01
10128	 9.255126E+00
10136	 9.957389E+00
10144	 9.371171E+00
10152	 1.013838E+01
10160	 9.378642E+00
10168	 1.010139E+01
10176	 9.284407E+00
10184	 1.012798E+01
10192	 9.392196E+00
10200	 1.003968E+01
10208	 9.366749E+00
10216	 1.009611E+01
10224	 9.264016E+00
10232	 1.007831E+01
10240	 9.258590E+00
10248	 1.005692E+01
10256	 9.351265E+00
10264	 9.976551E+00
10272	 8.974608E+00
10280	 9.930868E+00
10288	 9.069561E+00
10296	 9.967991E+00
10304	 9.075166E+00
10312	 9.825046E+00
10320	 8.922753E+00
10328	 9.830339E+00
10336	 8.988070E+00
10344	 9.725518E+00
10352	 9.138821E+00
10360	 9.885496E+00
10368	 9.005130E+00
10376	 9.958968E+00
10384	 9.211033E+00
10392	 9.739742E+00
10400	 9.098116E+00
10408	 9.826400E+00
10416	 9.053455E+00
10424	 9.713404E+00
10432	 8.935810E+00
10440	 9.696970E+00
10448	 9.076585E+00
10456	 9.810931E+00
10464	 8.942634E+00
10472	 9.731212E+00
10480	 9.027187E+00
10488	 9.788147E+00
10496	 9.023238E+00
10504	 9.737196E+00
10512	 8.914613E+00
10520	 9.578330E+00
10528	 8.891892E+00
10536	 9.691339E+00
10544	 8.966463E+00
10552	 9.651403E+00
10560	 8.925515E+00
10568	 9.555154E+00
10576	 8.944709E+00
10584	 9.453957E+00
10592	 8.858965E+00
10600	 9.623514E+00
10608	 8.861230E+00
10616	 9.191342E+00
10624	 8.719364E+00
10632	 9.482010E+00
10640	 8.648209E+00
10648	 9.569623E+00
10656	 8.944991E+00
10664	 9.646041E+00
10672	 8.795755E+00
10680	 9.488326E+00
10688	 8.948847E+00
10696	 9.497267E+00
10704	 8.656255E+00
10712	 9.521513E+00
10720	 8.731197E+00
10728	 9.709696E+00
10736	 8.696418E+00
10744	 9.259824E+00
10752	 8.791047E+00
10760	 9.459341E+00
10768	 8.711974E+00
10776	 9.505003E+00
10784	 8.879831E+00
10792	 9.471080E+00
10800	 8.784282E+00
10808	 9.309717E+00
10816	 8.599911E+00
10824	 9.316979E+00
10832	 8.664734E+00
10840	 9.364758E+00
10848	 8.710192E+00
10856	 9.190265E+00
10864	 8.560018E+00
10872	 9.389615E+00
10880	 8.510389E+00
10888	 9.196674E+00
10896	 8.694412E+00
10904	 9.229190E+00
10912	 8.654093E+00
10920	 9.479424E+00
10928	 8.731268E+00
10936	 9.282546E+00
10944	 8.490920E+00
10952	 9.220310E+00
10960	 8.620800E+00
10968	 9.144763E+00
10976	 8.488375E+00
10984	 9.326010E+00
10992	 8.351195E+00
11000	 9.159272E+00
11008	 8.435249E+00
11016	 9.201566E+00
11024	 8.437811E+00
11032	 9.017907E+00
11040	 8.543858E+00
11048	 9.188959E+00
11056	 8.363679E+00
11064	 9.227209E+00
11072	 8.436814E+00
11080	 9.172423E+00
11088	 8.421133E+00
11096	 8.979162E+00
11104	 8.571828E+00
11112	 9.217991E+00
11120	 8.433826E+00
11128	 9.061428E+00
11136	 8.466630E+00
11144	 9.095519E+00
11152	 8.273764E+00
11160	 9.021143E+00
11168	 8.293326E+00
11176	 9.002014E+00
11184	 8.329757E+00
11192	 9.106822E+00
11200	 8.558193E+00
11208	 9.216395E+00
11216	 8.416669E+00
11224	 9.152409E+00
11232	 8.340465E+00
11240	 9.044230E+00
11248	 8.392855E+00
11256	 8.960669E+00
11264	 8.244088E+00
11272	 8.909351E+00
11280	 8.188934E+00
11288	 9.046004E+00
11296	 8.264106E+00
11304	 9.074052E+00
11312	 8.357398E+00
11320	 9.153022E+00
11328	 8.272953E+00
11336	 8.947119E+00
11344	 8.445975E+00
11352	 9.068224E+00
11360	 8.239160E+00
11368	 9.017973E+00
11376	 8.287015E+00
11384	 9.064371E+00
11392	 8.138960E+00
11400	 8.945123E+00
11408	 8.138036E+00
11416	 8.990525E+00
11424	 8.214642E+00
11432	 8.856223E+00
11440	 8.114374E+00
11448	 9.002654E+00
11456	 7.972684E+00
11464	 8.734060E+00
11472	 8.124466E+00
11480	 8.920835E+00
11488	 8.128062E+00
11496	 8.861396E+00
11504	 8.153083E+00
11512	 8.828856E+00
11520	 8.143681E+00
11528	 8.782193E+00
11536	 8.043053E+00
11544	 8.915146E+00
11552	 8.150997E+00
11560	 8.907081E+00
11568	 8.037869E+00
11576	 8.892004E+00
11584	 8.206690E+00
11592	 8.814162E+00
11600	 8.186670E+00
11608	 8.812298E+00
11616	 8.087728E+00
11624	 8.744575E+00
11632	 7.953164E+00
11640	 8.684947E+00
11648	 8.108597E+00
11656	 8.627085E+00
11664	 7.944658E+00
11672	 8.664177E+00
11680	 7.966918E+00
11688	 8.657978E+00
11696	 8.015591E+00
11704	 8.772380E+00
11712	 8.048620E+00
11720	 8.629942E+00
11728	 8.076614E+00
11736	 8.786075E+00
11744	 7.969463E+00
11752	 8.700352E+00
11760	 8.040510E+00
11768	 8.468662E+00
11776	 8.139272E+00
11784	 8.598714E+00
11792	 7.915422E+00
11800	 8.710094E+00
11808	 8.061960E+00
11816	 8.489840E+00
11824	 7.896486E+00
11832	 8.620569E+00
11840	 7.882659E+00
11848	 8.457949E+00
11856	 7.871857E+00
11864	 8.554484E+00
11872	 7.975815E+00
11880	 8.632349E+00
11888	 7.863246E+00
11896	 8.654193E+00
11904	 7.983736E+00
11912	 8.596843E+00
11920	 7.873509E+00
11928	 8.536960E+00
11936	 7.851179E+00
11944	 8.503148E+00
11952	 7.797113E+00
11960	 8.509995E+00
11968	 7.835505E+00
11976	 8.507003E+00
11984	 7.920197E+00
11992	 8.383632E+00
12000	 7.837374E+00
12008	 8.370132E+00
12016	 7.825623E+00
12024	 8.412988E+00
12032	 7.748989E+00
12040	 8.395546E+00
12048	 7.717048E+00
12056	 8.432059E+00
12064	 7.691272E+00
12072	 8.149014E+00
12080	 7.837476E+00
12088	 8.266712E+00
12096	 7.827068E+00
12104	 8.533897E+00
12112	 7.804752E+00
12120	 8.339569E+00
12128	 7.615250E+00
12136	 8.014363E+00
12144	 7.752778E+00
12152	 8.483072E+00
12160	 7.832528E+00
12168	 8.393533E+00
12176	 7.649292E+00
12184	 8.382705E+00
12192	 7.663858E+00
12200	 8.383979E+00
12208	 7.756190E+00
12216	 8.328085E+00
12224	 7.686389E+00
12232	 8.325690E+00
12240	 7.698870E+00
12248	 8.368442E+00
12256	 7.760032E+00
12264	 8.359028E+00
12272	 7.807081E+00
12280	 8.436601E+00
12288	 7.657864E+00
12296	 8.347413E+00
12304	 7.705954E+00
12312	 8.310847E+00
12320	 7.738390E+00
12328	 8.366297E+00
12336	 7.563023E+00
12344	 8.273458E+00
12352	 7.641348E+00
12360	 8.161951E+00
12368	 7.649471E+00
12376	 8.323672E+00
12384	 7.569682E+00
12392	 8.201361E+00
12400	 7.644588E+00
12408	 8.199909E+00
12416	 7.634743E+00
12424	 8.235484E+00
12432	 7.640177E+00
12440	 8.326292E+00
12448	 7.555261E+00
12456	 8.117633E+00
12464	 7.565546E+00
12472	 8.143318E+00
12480	 7.555337E+00
12488	 8.151602E+00
12496	 7.453902E+00
12504	 8.181071E+00
12512	 7.437105E+00
12520	 8.067335E+00
12528	 7.428815E+00
12536	 8.231629E+00
12544	 7.455434E+00
12552	 8.197057E+00
12560	 7.382400E+00
12568	 8.190790E+00
12576	 7.443898E+00
12584	 8.195209E+00
12592	 7.484379E+00
12600	 8.121009E+00
12608	 7.413609E+00
12616	 8.123795E+00
12624	 7.342870E+00
12632	 8.050507E+00
12640	 7.293973E+00
12648	 8.028724E+00
12656	 7.413091E+00
12664	 8.020742E+00
12672	 7.433893E+00
12680	 8.090927E+00
12688	 7.394209E+00
12696	 8.094519E+00
12704	 7.359971E+00
12712	 8.021929E+00
12720	 7.395349E+00
12728	 7.574500E+00
12736	 7.125409E+00
12744	 7.926143E+00
12752	 7.221094E+00
12760	 7.911185E+00
12768	 7.380080E+00
12776	 7.990775E+00
12784	 7.359948E+00
12792	 7.944262E+00
12800	 7.324881E+00
12808	 8.099281E+00
12816	 7.224479E+00
12824	 7.968775E+00
12832	 7.339255E+00
12840	 7.935263E+00
12848	 7.247497E+00
12856	 7.962220E+00
12864	 7.251282E+00
12872	 7.961344E+00
12880	 7.387571E+00
12888	 7.991784E+00
12896	 7.369011E+00
12904	 7.857662E+00
12912	 7.242235E+00
12920	 7.924861E+00
12928	 7.271347E+00
12936	 7.766600E+00
12944	 7.241778E+00
12952	 7.929290E+00
12960	 7.418432E+00
12968	 7.723501E+00
12976	 7.343910E+00
12984	 7.931431E+00
12992	 7.237631E+00
13000	 7.794203E+00
13008	 7.161763E+00
13016	 7.821528E+00
13024	 7.159240E+00
13032	 7.773482E+00
13040	 7.249353E+00
13048	 7.918377E+00
13056	 7.103373E+00
13064	 7.741773E+00
13072	 7.140365E+00
13080	 7.975610E+00
13088	 7.212882E+00
13096	 7.851907E+00
13104	 7.264236E+00
13112	 7.883213E+00
13120	 7.118466E+00
13128	 7.824328E+00
13136	 7.133557E+00
13144	 7.830947E+00
13152	 7.117244E+00
13160	 7.722721E+00
13168	 7.130243E+00
13176	 7.711182E+00
13184	 7.145678E+00
13192	 7.687506E+00
13200	 7.045049E+00
13208	 7.847162E+00
13216	 7.241024E+00
13224	 7.781684E+00
13232	 7.157389E+00
13240	 7.736187E+00
13248	 7.092077E+00
13256	 7.772074E+00
13264	 6.967530E+00
13272	 7.774048E+00
13280	 7.128886E+00
13288	 7.620222E+00
13296	 7.076340E+00
13304	 7.681986E+00
13312	 7.142828E+00
13320	 7.666325E+00
13328	 7.008627E+00
13336	 7.761667E+00
13344	 6.972128E+00
13352	 7.741552E+00
13360	 7.100600E+00
13368	 7.634222E+00
13376	 6.886858E+00
13384	 7.593490E+00
13392	 6.836250E+00
13400	 7.380633E+00
13408	 6.823735E+00
13416	 7.632892E+00
13424	 6.823305E+00
13432	 7.684485E+00
13440	 6.987944E+00
13448	 7.564485E+00
13456	 6.924259E+00
13464	 7.575349E+00
13472	 7.086680E+00
13480	 7.667941E+00
13488	 6.951346E+00
13496	 7.647542E+00
13504	 7.000178E+00
13512	 7.580498E+00
13520	 7.028625E+00
13528	 7.604673E+00
13536	 6.914611E+00
13544	 7.412485E+00
13552	 6.960005E+00
13560	 7.540665E+00
13568	 6.725467E+00
13576	 7.578139E+00
13584	 6.820989E+00
13592	 7.516400E+00
13600	 6.880959E+00
13608	 7.585020E+00
13616	 6.971615E+00
13624	 7.235503E+00
13632	 6.912012E+00
13640	 7.544639E+00
13648	 6.906336E+00
13656	 7.464462E+00
13664	 6.872375E+00
13672	 7.396892E+00
13680	 6.939429E+00
13688	 7.489117E+00
13696	 6.953608E+00
13704	 7.417215E+00
13712	 6.962505E+00
13720	 7.517679E+00
13728	 6.791522E+00
13736	 7.486961E+00
13744	 6.734366E+00
13752	 7.484845E+00
13760	 6.738492E+00
13768	 7.333888E+00
13776	 6.835346E+00
13784	 7.407517E+00
13792	 6.827512E+00
13800	 7.345676E+00
13808	 6.872644E+00
13816	 7.328228E+00
13824	 6.808385E+00
13832	 7.402482E+00
13840	 6.902636E+00
13848	 7.248127E+00
13856	 6.688671E+00
13864	 7.466433E+00
13872	 6.756530E+00
13880	 7.301540E+00
13888	 6.873440E+00
13896	 7.382531E+00
13904	 6.740925E+00
13912	 7.222440E+00
13920	 6.715918E+00
13928	 7.213660E+00
13936	 6.815607E+00
13944	 7.403484E+00
13952	 6.766657E+00
13960	 7.210977E+00
13968	 6.799355E+00
13976	 7.403400E+00
13984	 6.695715E+00
13992	 7.226923E+00
14000	 6.686268E+00
14008	 7.237640E+00
14016	 6.522767E+00
14024	 7.322521E+00
14032	 6.667023E+00
14040	 7.254877E+00
14048	 6.647384E+00
14056	 7.130162E+00
14064	 6.663725E+00
14072	 7.313098E+00
14080	 6.629782E+00
14088	 7.275568E+00
14096	 6.683934E+00
14104	 7.139797E+00
14112	 6.631676E+00
14120	 7.215471E+00
14128	 6.680498E+00
14136	 7.237400E+00
14144	 6.567150E+00
14152	 7.202608E+00
14160	 6.621464E+00
14168	 7.252972E+00
14176	 6.639230E+00
14184	 7.168275E+00
14192	 6.684388E+00
14200	 7.169341E+00
14208	 6.664263E+00
14216	 7.124029E+00
14224	 6.624190E+00
14232	 7.132717E+00
14240	 6.517629E+00
14248	 7.057724E+00
14256	 6.522526E+00
14264	 7.187478E+00
14272	 6.527793E+00
14280	 7.100172E+00
14288	 6.607168E+00
14296	 7.227274E+00
14304	 6.603592E+00
14312	 7.103611E+00
14320	 6.588547E+00
14328	 7.092630E+00
14336	 6.490733E+00
14344	 7.098355E+00
14352	 6.536356E+00
14360	 7.102648E+00
14368	 6.525440E+00
14376	 7.181716E+00
14384	 6.590701E+00
14392	 7.207600E+00
14400	 6.473910E+00
14408	 7.114842E+00
14416	 6.407734E+00
14424	 6.800566E+00
14432	 6.607019E+00
14440	 7.145972E+00
14448	 6.463887E+00
14456	 7.046551E+00
14464	 6.469237E+00
14472	 7.134446E+00
14480	 6.442804E+00
14488	 7.049157E+00
14496	 6.488446E+00
14504	 7.027132E+00
14512	 6.531972E+00
14520	 6.914286E+00
14528	 6.407056E+00
14536	 6.954608E+00
14544	 6.584254E+00
14552	 6.876924E+00
14560	 6.472190E+00
14568	 6.933738E+00
14576	 6.381350E+00
14584	 6.994724E+00
14592	 6.284999E+00
14600	 6.930517E+00
14608	 6.407457E+00
14616	 7.024707E+00
14624	 6.458651E+00
14632	 7.061883E+00
14640	 6.469021E+00
14648	 7.017531E+00
14656	 6.373213E+00
14664	 6.834870E+00
14672	 6.308248E+00
14680	 6.929636E+00
14688	 6.410125E+00
14696	 6.924012E+00
14704	 6.476552E+00
14712	 6.628427E+00
14720	 6.487618E+00
14728	 6.883349E+00
14736	 6.358919E+00
14744	 6.867557E+00
14752	 6.347420E+00
14760	 6.866114E+00
14768	 6.325133E+00
14776	 6.889883E+00
14784	 6.468430E+00
14792	 6.800920E+00
14800	 4.957345E+00
14808	 6.860220E+00
14816	 6.235772E+00
14824	 6.862069E+00
14832	 6.344562E+00
14840	 6.908853E+00
14848	 6.176694E+00
14856	 6.863677E+00
14864	 6.218759E+00
14872	 6.932727E+00
14880	 6.294250E+00
14888	 6.939984E+00
14896	 6.253158E+00
14904	 6.857241E+00
14912	 6.254378E+00
14920	 6.887280E+00
14928	 6.315055E+00
14936	 6.729728E+00
14944	 6.318482E+00
14952	 6.813688E+00
14960	 3.344862E+00
14968	 4.981809E+00
14976	 6.163121E+00
14984	 6.138625E+00
14992	 6.081870E+00
15000	 6.094696E+00
15008	 6.041412E+00
15016	 5.961539E+00
15024	 6.219750E+00
15032	 6.754532E+00
15040	 6.256240E+00
15048	 6.748549E+00
15056	 6.184432E+00
15064	 6.630829E+00
15072	 6.265885E+00
15080	 6.712851E+00
15088	 6.313053E+00
15096	 6.751059E+00
15104	 6.169777E+00
15112	 6.699231E+00
15120	 6.229753E+00
15128	 6.812688E+00
15136	 6.144572E+00
15144	 6.622047E+00
15152	 6.070969E+00
15160	 6.559842E+00
15168	 5.949839E+00
15176	 6.611826E+00
15184	 6.045338E+00
15192	 6.650488E+00
15200	 6.215418E+00
15208	 6.670175E+00
15216	 6.229205E+00
15224	 6.517734E+00
15232	 6.149064E+00
15240	 6.245902E+00
15248	 6.151798E+00
15256	 6.652658E+00
15264	 6.050390E+00
15272	 6.613492E+00
15280	 6.093567E+00
15288	 6.487329E+00
15296	 4.659730E+00
15304	 6.073317E+00
15312	 6.052922E+00
15320	 6.700014E+00
15328	 6.175743E+00
15336	 6.386923E+00
15344	 6.155142E+00
15352	 6.647416E+00
15360	 6.150535E+00
15368	 6.660834E+00
15376	 6.043580E+00
15384	 6.623184E+00
15392	 6.037780E+00
15400	 6.598557E+00
15408	 6.051772E+00
15416	 6.638122E+00
15424	 6.071545E+00
15432	 6.650291E+00
15440	 5.919891E+00
15448	 6.388008E+00
15456	 5.727560E+00
15464	 6.535494E+00
15472	 5.827770E+00
15480	 6.264591E+00
15488	 5.862087E+00
15496	 3.659545E+00
15504	 5.037651E+00
15512	 5.907224E+00
15520	 5.807500E+00
15528	 5.835674E+00
15536	 5.947506E+00
15544	 6.375636E+00
15552	 5.981395E+00
15560	 6.544174E+00
15568	 6.053098E+00
15576	 6.313501E+00
15584	 5.981696E+00
15592	 6.327039E+00
15600	 5.898687E+00
15608	 6.444178E+00
15616	 6.000817E+00
15624	 6.552746E+00
15632	 5.919951E+00
15640	 6.249672E+00
15648	 5.764996E+00
15656	 6.441390E+00
15664	 5.841370E+00
15672	 6.477037E+00
15680	 5.906325E+00
15688	 6.366641E+00
15696	 5.954194E+00
15704	 6.243902E+00
15712	 5.906767E+00
15720	 6.566673E+00
15728	 5.865374E+00
15736	 6.471060E+00
15744	 5.812275E+00
15752	 6.445749E+00
15760	 3.949689E+00
15768	 4.706427E+00
15776	 5.845263E+00
15784	 6.295422E+00
15792	 5.949283E+00
15800	 6.026078E+00
15808	 5.694076E+00
15816	 6.323238E+00
15824	 5.689336E+00
15832	 6.541304E+00
15840	 5.837345E+00
15848	 6.558076E+00
15856	 5.941497E+00
15864	 6.393310E+00
15872	 5.814252E+00
15880	 6.445050E+00
15888	 5.883423E+00
15896	 6.422059E+00
15904	 3.341308E+00
15912	 5.572831E+00
15920	 5.826167E+00
15928	 6.085123E+00
15936	 5.942319E+00
15944	 6.260374E+00
15952	 5.890422E+00
15960	 6.431837E+00
15968	 5.696817E+00
15976	 6.335519E+00
15984	 5.847181E+00
15992	 6.312372E+00
16000	 5.730210E+00
